      0/49     7.36G   0.05527   0.01614    0.0202   0.09161         2       640    0.2835    0.9846    0.4201    0.2733    0.0228  0.004188   0.01916
      1/49     7.38G   0.03059  0.008206   0.01835   0.05714         6       640    0.3826      0.81    0.5485    0.4326   0.01442   0.00335   0.01642
      2/49     7.38G    0.0245  0.007171   0.01733     0.049         3       640    0.3836    0.8651    0.5715    0.4658   0.01318  0.003019   0.01629
      3/49     7.38G     0.022   0.00683   0.01722   0.04605         5       640    0.3937    0.8485    0.5653    0.4593   0.01214  0.002938   0.01679
      4/49     7.38G   0.01972  0.006416   0.01678   0.04292         5       640    0.4049     0.885    0.5932    0.4865    0.0117  0.002813   0.01699
      5/49     7.38G   0.01897  0.006341   0.01606   0.04136         3       640    0.4038    0.8756    0.6006    0.4967   0.01147  0.002908   0.01596
      6/49     7.38G   0.01826  0.006265    0.0156   0.04012         5       640    0.5135     0.694     0.642    0.5314   0.01151  0.002812   0.01611
      7/49     7.38G   0.01809  0.006083   0.01489   0.03906         3       640     0.578    0.7715    0.7225    0.6021   0.01149  0.002869   0.01376
      8/49     7.38G    0.0175  0.006062   0.01418   0.03774         6       640    0.6998    0.7458    0.7865    0.6534    0.0111  0.002727   0.01054
      9/49     7.38G   0.01745  0.006036   0.01355   0.03703         5       640    0.6507    0.7482    0.7836    0.6507    0.0111  0.002742     0.013
     10/49     7.38G   0.01692  0.005928   0.01272   0.03557         5       640    0.5346    0.8288    0.7793    0.6474   0.01115  0.002684   0.01772
     11/49     7.38G   0.01691  0.005869   0.01225   0.03503         2       640    0.7004    0.8262    0.8536    0.7126   0.01073  0.002645  0.009705
     12/49     7.38G   0.01663  0.005832   0.01202   0.03448         6       640     0.687    0.8235    0.8509    0.7119   0.01079  0.002697   0.01006
     13/49     7.38G   0.01636  0.005763   0.01144   0.03357         8       640    0.7728    0.7994     0.882    0.7389   0.01054  0.002642  0.008677
     14/49     7.38G   0.01617  0.005671   0.01114   0.03298         3       640    0.7273    0.8349    0.8826    0.7433   0.01027  0.002702  0.009014
     15/49     7.38G   0.01627  0.005849   0.01096   0.03308         3       640    0.7774    0.8183    0.8906    0.7505   0.01033  0.002579  0.008776
     16/49     7.38G   0.01595  0.005682   0.01047   0.03211         1       640    0.8011    0.8427    0.9091    0.7681   0.01027  0.002571  0.007082
     17/49     7.38G   0.01583  0.005602   0.00994   0.03137         8       640    0.8612    0.8171    0.9163    0.7726   0.01032  0.002598   0.00667
     18/49     7.38G   0.01554  0.005511  0.009962   0.03102        10       640     0.854    0.8855    0.9422    0.7915   0.01021  0.002556  0.005691
     19/49     7.38G   0.01536  0.005433  0.008998   0.02979         2       640    0.8893    0.8797    0.9566    0.8107  0.009953    0.0025  0.005487
     20/49     7.38G   0.01515  0.005437  0.008578   0.02916         2       640     0.892    0.9004    0.9676     0.817  0.009924  0.002519  0.004195
     21/49     7.38G   0.01496  0.005457  0.008303   0.02872         4       640    0.8751    0.8922    0.9591    0.8129  0.009755  0.002473  0.005006
     22/49     7.38G   0.01474  0.005303  0.007858    0.0279         2       640    0.9128      0.95    0.9764     0.826  0.009774  0.002514  0.003035
     23/49     7.38G   0.01462    0.0053  0.007459   0.02737         2       640    0.8942    0.9217     0.972    0.8273  0.009662  0.002448  0.003707
     24/49     7.38G   0.01452   0.00532  0.007504   0.02735         8       640    0.8968    0.9197    0.9715    0.8297   0.00963  0.002448  0.004078
     25/49     7.38G   0.01438  0.005244  0.007102   0.02673         2       640    0.9421    0.9398    0.9794    0.8383  0.009606  0.002444   0.00274
     26/49     7.38G   0.01419  0.005134  0.006693   0.02602         3       640    0.9543    0.9515    0.9828    0.8385  0.009671  0.002435  0.002361
     27/49     7.38G   0.01405  0.005069  0.006364   0.02548         2       640    0.9559    0.9361    0.9798    0.8414  0.009292  0.002355  0.002815
     28/49     7.38G   0.01398  0.005093  0.006109   0.02518         6       640    0.9598    0.9586    0.9861     0.846  0.009486  0.002428  0.002244
     29/49     7.38G   0.01381  0.005112  0.005923   0.02485         5       640    0.9314    0.9487    0.9832    0.8376  0.009412  0.002386  0.003204
     30/49     7.38G    0.0136  0.004986  0.005641   0.02423         8       640    0.9612     0.967    0.9894    0.8499  0.009353  0.002352  0.001791
     31/49     7.38G   0.01348  0.004989  0.005604   0.02407         3       640    0.9642    0.9522    0.9865    0.8478  0.009264  0.002388  0.001914
     32/49     7.38G   0.01343  0.005019  0.005297   0.02374         5       640    0.9651    0.9659    0.9892    0.8491  0.009259  0.002374  0.001743
     33/49     7.38G   0.01325  0.004928  0.004962   0.02314         5       640    0.9664    0.9708    0.9877    0.8591  0.009034   0.00234  0.001801
     34/49     7.38G   0.01317  0.004921  0.004812    0.0229         5       640    0.9589    0.9683    0.9862    0.8508  0.009097  0.002332  0.002219
     35/49     7.38G   0.01307   0.00482  0.004892   0.02279         6       640    0.9755    0.9821    0.9927    0.8599  0.009039  0.002338  0.001189
     36/49     7.38G   0.01295  0.004765   0.00472   0.02243         0       640    0.9824    0.9822    0.9926    0.8587  0.009162  0.002323   0.00129
     37/49     7.38G   0.01285  0.004815  0.004336     0.022         2       640    0.9806    0.9785    0.9914    0.8612  0.008957  0.002315  0.001497
     38/49     7.38G   0.01268  0.004733    0.0041   0.02151         2       640    0.9844    0.9773    0.9935    0.8646  0.008902  0.002289   0.00125
     39/49     7.38G   0.01266  0.004753  0.004041   0.02145         7       640    0.9817    0.9839    0.9934     0.866  0.008917  0.002288  0.001253
     40/49     7.38G   0.01263  0.004676  0.003868   0.02117         9       640    0.9837    0.9885    0.9947     0.871  0.008804  0.002247 0.0009256
     41/49     7.38G   0.01243  0.004684  0.003721   0.02083         9       640    0.9837    0.9845    0.9944     0.869   0.00882  0.002263  0.001109
     42/49     7.38G    0.0123  0.004617  0.003606   0.02053         5       640    0.9839    0.9917    0.9943    0.8688  0.008775  0.002252 0.0008656
     43/49     7.38G   0.01226  0.004518  0.003558   0.02034         6       640    0.9865    0.9825    0.9916    0.8655  0.008781  0.002235  0.001395
     44/49     7.38G   0.01227  0.004646  0.003338   0.02025         5       640    0.9832    0.9848    0.9914    0.8656  0.008801  0.002245  0.001263
     45/49     7.38G   0.01218  0.004693  0.003357   0.02023         5       640    0.9797    0.9839    0.9904    0.8673  0.008794  0.002241  0.001434
     46/49     7.38G   0.01215  0.004586  0.003236   0.01997         7       640    0.9832    0.9859    0.9901    0.8665  0.008779  0.002245  0.001344
     47/49     7.38G   0.01206  0.004517  0.003114   0.01969         5       640    0.9784    0.9853    0.9909    0.8687  0.008692  0.002229  0.001381
     48/49     7.38G   0.01204   0.00452  0.003111   0.01967         6       640    0.9847    0.9833    0.9921    0.8703  0.008667  0.002218  0.001262
     49/49     7.38G   0.01186  0.004495  0.003026   0.01938         4       640    0.9841    0.9842    0.9925    0.8724  0.008634  0.002218  0.001137
